<?xml version="1.0"?>
<opencv_storage>
<calibration_time>"12/30/15 17:09:11"</calibration_time>
<nr_of_frames>25</nr_of_frames>
<image_width>640</image_width>
<image_height>480</image_height>
<board_width>6</board_width>
<board_height>4</board_height>
<square_size>41.</square_size>
<fix_aspect_ratio>1.</fix_aspect_ratio>
<!-- flags:  +fix_aspect_ratio +fix_principal_point +zero_tangent_dist -->
<flags>14</flags>
<camera_matrix type_id="opencv-matrix">
  <rows>3</rows>
  <cols>3</cols>
  <dt>d</dt>
  <data>
    9.9823190449159881e+002 0. 3.1950000000000000e+002 0.
    9.9823190449159881e+002 2.3950000000000000e+002 0. 0. 1.</data></camera_matrix>
<distortion_coefficients type_id="opencv-matrix">
  <rows>5</rows>
  <cols>1</cols>
  <dt>d</dt>
  <data>
    -6.6174569850767595e-001 6.5721443600818619e+000 0. 0.
    -3.0952412513208863e+001</data></distortion_coefficients>
<avg_reprojection_error>2.6126750696402495e-001</avg_reprojection_error>
<per_view_reprojection_errors type_id="opencv-matrix">
  <rows>25</rows>
  <cols>1</cols>
  <dt>f</dt>
  <data>
    1.65260822e-001 1.24085478e-001 1.38881579e-001 1.24256492e-001
    1.76035225e-001 1.61448732e-001 1.88217461e-001 1.81886211e-001
    1.91635609e-001 2.34030351e-001 2.31318071e-001 2.98458487e-001
    3.93191010e-001 3.71504664e-001 3.76590848e-001 3.91166598e-001
    3.69344741e-001 3.84185314e-001 3.66343111e-001 3.20691913e-001
    2.38883942e-001 1.80555895e-001 1.33138418e-001 1.42950580e-001
    1.81937307e-001</data></per_view_reprojection_errors>
<extrinsic_parameters type_id="opencv-matrix">
  <rows>25</rows>
  <cols>6</cols>
  <dt>d</dt>
  <data>
    1.7141957843488137e-001 5.4976333654342291e-002
    -2.9078439739232004e-001 8.4247746457603839e+001
    -1.9676888529266546e+002 1.3564309913413435e+003
    1.7441448378047059e-001 4.0305222928526417e-002
    -2.8283108112572602e-001 8.2822675093859388e+001
    -1.9809105554985877e+002 1.3514107568565357e+003
    1.6564065756402899e-001 5.1520578692727095e-002
    -2.9150458725658668e-001 8.5700354241358880e+001
    -1.9512994981136410e+002 1.3580087670548207e+003
    2.2809253586737374e-001 4.0422310737590880e-002
    -2.9710772358775328e-001 8.8224021617034410e+001
    -1.9230105370077180e+002 1.3629252398944884e+003
    2.3946894009867564e-001 1.7956203866655934e-001
    -3.2290552440976261e-001 9.5182615421935239e+001
    -1.9082012772282843e+002 1.4147680417851066e+003
    2.8224819497984244e-001 2.1548433962982963e-001
    -3.1495964749015659e-001 9.4822555158539402e+001
    -1.9793133917502735e+002 1.4315536371089815e+003
    2.8607880425457555e-001 2.8218454854015185e-001
    -3.0828001400202487e-001 9.5293840880540728e+001
    -2.0577987838177614e+002 1.4473720398023254e+003
    2.7802459659163586e-001 2.6213740387223838e-001
    -3.1192104753704802e-001 9.4903442419888620e+001
    -2.0468288206115062e+002 1.4429001170682457e+003
    2.9411889245192635e-001 2.4610680225177012e-001
    -3.0870394595520145e-001 9.6457062925731364e+001
    -2.0408556544125793e+002 1.4371524439629359e+003
    3.9841599977741782e-001 1.8439202938343471e-001
    -3.2254640287071296e-001 9.4691947286058721e+001
    -2.0054994051496743e+002 1.4213761073085038e+003
    4.0964031011319119e-001 2.1672647343541926e-001
    -3.3047458286463693e-001 9.5987067225290872e+001
    -2.0209845851371230e+002 1.4298271374899637e+003
    5.1595791064209229e-001 2.3871040268731480e-001
    -3.7409199641984808e-001 9.6079863898007630e+001
    -2.0097014090499314e+002 1.4364638023025150e+003
    7.1636960959926710e-001 1.7637488801916332e-001
    -5.0423461691504645e-001 1.0921039075342669e+002
    -1.7258140259583971e+002 1.4313867152447019e+003
    7.2648711501181529e-001 1.5745619732875393e-001
    -5.0970551779000750e-001 1.0934073711574445e+002
    -1.6876458251857005e+002 1.4257871134522659e+003
    7.2689774953328123e-001 1.6393087948822421e-001
    -5.1329671203255256e-001 1.1022184470873920e+002
    -1.6810143471790050e+002 1.4262808042094089e+003
    7.3484575447366896e-001 1.6350328459572738e-001
    -5.2003487137653104e-001 1.1199612392087259e+002
    -1.6673949558769337e+002 1.4275602673411388e+003
    7.4671460144448143e-001 1.4881281375584027e-001
    -5.2901974551911646e-001 1.1388036110669776e+002
    -1.6278855774402496e+002 1.4256249985982115e+003
    7.5393704564001796e-001 1.3954090168266337e-001
    -5.3769214891273909e-001 1.1523952398442620e+002
    -1.6032292231014162e+002 1.4240745131146637e+003
    7.2434586289991776e-001 1.6003701427933950e-001
    -5.4131431005980035e-001 1.1739472449876553e+002
    -1.6050326820210921e+002 1.4284596344062300e+003
    6.2022959533786803e-001 2.0991890846434522e-001
    -5.5567122050948026e-001 1.2511283621908950e+002
    -1.5689150502907304e+002 1.4383487140570357e+003
    4.8450130718116530e-001 2.3915841611729899e-001
    -5.4651957687791852e-001 1.3191630559867508e+002
    -1.5192725926134116e+002 1.4419851804613600e+003
    3.3495286019006948e-001 3.1012204355414880e-001
    -5.1379363568032388e-001 1.3733892212160953e+002
    -1.5403934169269462e+002 1.4546552137647016e+003
    1.2646411400831342e-001 3.5515796219058271e-001
    -4.6711029964665535e-001 1.4020285971411278e+002
    -1.5755072889618367e+002 1.4611082015024485e+003
    2.7107988940619061e-002 3.7817596248143470e-001
    -4.5196531301350584e-001 1.4345640657894776e+002
    -1.5859608505882497e+002 1.4639516860929302e+003
    -6.0981450622499045e-002 3.5515697298858923e-001
    -4.7241527414258011e-001 1.4843927816991314e+002
    -1.5320153684322676e+002 1.4549573397564077e+003</data></extrinsic_parameters>
