<?xml version="1.0"?>
<opencv_storage>
<calibration_time>"03/01/16 14:33:48"</calibration_time>
<nr_of_frames>25</nr_of_frames>
<image_width>640</image_width>
<image_height>480</image_height>
<board_width>6</board_width>
<board_height>4</board_height>
<square_size>41.</square_size>
<fix_aspect_ratio>1.</fix_aspect_ratio>
<!-- flags:  +fix_aspect_ratio +fix_principal_point +zero_tangent_dist -->
<flags>14</flags>
<camera_matrix type_id="opencv-matrix">
  <rows>3</rows>
  <cols>3</cols>
  <dt>d</dt>
  <data>
    1.4572068353989741e+003 0. 3.1950000000000000e+002 0.
    1.4572068353989741e+003 2.3950000000000000e+002 0. 0. 1.</data></camera_matrix>
<distortion_coefficients type_id="opencv-matrix">
  <rows>5</rows>
  <cols>1</cols>
  <dt>d</dt>
  <data>
    5.6210676080216342e-002 2.0568555032574163e+000 0. 0.
    -4.4769469616519928e+001</data></distortion_coefficients>
<avg_reprojection_error>2.1220590393793137e-001</avg_reprojection_error>
<per_view_reprojection_errors type_id="opencv-matrix">
  <rows>25</rows>
  <cols>1</cols>
  <dt>f</dt>
  <data>
    1.59766674e-001 1.56043991e-001 1.44410193e-001 1.24002963e-001
    1.54734433e-001 1.57022417e-001 1.63033947e-001 4.53131169e-001
    2.50963837e-001 2.08331719e-001 1.38513148e-001 1.59113973e-001
    1.40306368e-001 1.34837791e-001 2.37842456e-001 2.46876270e-001
    2.06279293e-001 1.72040910e-001 1.56330913e-001 1.76628351e-001
    1.63189679e-001 1.54985592e-001 4.63255018e-001 1.96226373e-001
    1.46120116e-001</data></per_view_reprojection_errors>
<extrinsic_parameters type_id="opencv-matrix">
  <rows>25</rows>
  <cols>6</cols>
  <dt>d</dt>
  <data>
    3.1473055743376437e-002 1.8301750939079359e-001
    2.0657647601588702e-001 -1.4736038876983412e+002
    -1.4270526965509492e+002 1.6669250040018130e+003
    -2.1192001035209604e-003 1.8804185687263369e-001
    1.9742077316145870e-001 -1.5389262256761603e+002
    -1.3028514868746163e+002 1.6706105732993854e+003
    -1.7392398418244085e-002 1.9053579731665787e-001
    1.9226923737546739e-001 -1.5175533567322086e+002
    -1.2860416393374229e+002 1.6711283009647570e+003
    -5.5152759011820622e-003 1.9075685565699685e-001
    1.8921470317771383e-001 -1.5065160637325954e+002
    -1.3390243121444959e+002 1.6670349522601298e+003
    -2.7960425598309357e-002 1.8980286644195987e-001
    1.8483324249379518e-001 -1.6175333717674167e+002
    -1.2585380449971638e+002 1.6682257222965354e+003
    -1.5602589114048883e-002 1.9246787472660581e-001
    1.8430924308464625e-001 -1.6192236003256298e+002
    -1.2468283985265280e+002 1.6663331270304591e+003
    -1.5185942038724212e-002 2.1579061059259219e-001
    1.8187286272200476e-001 -1.6187250034997962e+002
    -1.1609844948460007e+002 1.6605142317742695e+003
    1.4265007404714843e-002 2.8596084938773825e-001
    1.6751008442412868e-001 -1.5949980153150332e+002
    -6.1498618116169695e+001 1.6387443885201303e+003
    -3.3147514934917958e-002 2.4826823978230309e-001
    1.7236766630208641e-001 -1.3136299821166944e+002
    -3.5945810910629490e+001 1.6704058003852488e+003
    -1.6926091870073136e-002 2.0247569207999311e-001
    1.7001144121976655e-001 -1.2807559881503701e+002
    -2.1233297483644318e+001 1.6843137716064393e+003
    -8.3570718580051134e-002 2.1496961710204035e-001
    1.8217437317499952e-001 -1.2333824235689823e+002
    -2.1499409543029671e+001 1.6913265132242341e+003
    -7.1931808573510642e-002 2.4548981712326223e-001
    1.8992704128569790e-001 -1.1953295485911732e+002
    -9.8261451959196169e+000 1.6799361725680524e+003
    -1.2649090017529591e-001 2.0892892110002034e-001
    2.0124252616673802e-001 -1.2579964448534922e+002
    -2.1531449257729342e+001 1.6937050340316609e+003
    -5.3873484918502253e-002 2.0423588262039685e-001
    1.9789371633510267e-001 -1.2268016348441675e+002
    -3.4859220763964885e+001 1.6889458860135505e+003
    -1.5605831334391920e-001 1.7628803994689354e-001
    2.1639646936208198e-001 -1.3056318293871905e+002
    -5.7388995306426338e+001 1.7034593887885073e+003
    -1.0195003794497846e-001 1.3926310343276468e-001
    2.3477520011510655e-001 -1.3836903533958730e+002
    -1.0980033860289474e+002 1.6991668157323695e+003
    1.0276482844690144e-002 4.1167190122521069e-001
    3.1171078040270883e-001 1.5149240784698637e+002
    -1.0047641260160175e+002 1.7102768872613833e+003
    -2.2313516770152839e-002 4.0371782130645023e-001
    3.0971835253976460e-001 1.2237667344326381e+002
    -1.1398589832002108e+002 1.7084290015098918e+003
    -5.2473299116005331e-002 4.0742303083052411e-001
    3.1089889393127451e-001 1.1139297368596144e+002
    -1.1320860515255508e+002 1.7084853293370238e+003
    5.9656608813352203e-003 3.7942740078269244e-001
    2.9555260577840586e-001 9.6891534880964770e+001
    -1.1576875980754883e+002 1.7067281512466125e+003
    8.8400160939660754e-003 3.6689617038216854e-001
    2.9223891981576822e-001 9.1936029208381441e+001
    -1.1731579738589301e+002 1.7085432964668350e+003
    -1.3941798996620096e-002 3.6835900032725799e-001
    2.9095262950037432e-001 7.8036236186994913e+001
    -1.1873523020308704e+002 1.7055587574062051e+003
    -1.3041777349141734e-001 3.6320983459091494e-001
    2.6074064515100193e-001 -3.3723658617913394e+001
    -1.1713813961715938e+002 1.6811870878989857e+003
    3.4279696358846999e-002 2.8012312874025724e-001
    2.2104232072623753e-001 -4.9521282414027894e+001
    -1.1920249640123866e+002 1.6917709452097811e+003
    -8.9642003144387965e-003 2.8897528620176582e-001
    2.3122835860513613e-001 -4.5648739035445104e+001
    -1.2110263923600668e+002 1.6941712237509150e+003</data></extrinsic_parameters>
